68.25545220478642 64 183 183.6 255
75.11715728723863 64 183 183.6 255
75.16487256762477 100 196 196.35 255
78.86067147889091 100 196 196.35 255
78.91326861979273 141 209 209.1 255
80.96735957466318 141 209 209.1 255
81.16636796653214 185 221 221.85 255
82.93599320540324 185 221 221.85 255
82.98148940439208 234.6 234.6 234.6 255
84.53650407405479 234.6 234.6 234.6 255
84.64051721597576 221.85 185 185 255
86.38395455261693 221.85 185 185 255
86.43067501301363 209.1 141 141 255
88.38333031731636 209.1 141 141 255
88.56075243283146 196.35 100 100 255
90.9171450236827 196.35 100 100 255
91.12543432199234 183.6 64 64 255
101.96848584071299 183.6 64 64 255
nv 236 236 236 255
