68.25545220478642 74 214 214.2 255
75.66795240662051 74 214 214.2 255
75.72278089181975 114 223 223.125 255
79.69977341994435 114 223 223.125 255
79.75551873930806 156 232 232.04999999999998 255
82.00487513644539 156 232 232.04999999999998 255
82.05310431446557 201 240 240.975 255
83.7639580404344 201 240 240.975 255
83.8126588455743 240 240.975 201 255
85.56118594743062 240 240.975 201 255
85.60034524840816 232 232.04999999999998 156 255
87.65475440979995 232 232.04999999999998 156 255
87.70014861493624 223 223.125 114 255
90.48866837176679 223 223.125 114 255
90.6737323582245 214 214.2 74 255
101.96848584071299 214 214.2 74 255
nv 236 236 236 255
