68.25545220478642 64 183 183.6 255
75.66795240662051 64 183 183.6 255
75.72278089181975 113 200 200.6 255
79.85765998753831 113 200 200.6 255
79.9006933713044 170 217 217.6 255
82.4188752531519 170 217 217.6 255
82.46963373535168 234.60000000000002 234.60000000000002 234.60000000000002 255
84.53650407405479 234.60000000000002 234.60000000000002 234.60000000000002 255
84.64051721597576 217.6 170 170 255
86.83849865694079 217.6 170 170 255
86.87982687175811 200.6 113 113 255
89.63677767078585 200.6 113 113 255
89.86682285781481 183.6 64 64 255
101.96848584071299 183.6 64 64 255
nv 236 236 236 255
